tree
version=v4
num_class=1
num_tree_per_iteration=1
label_index=0
max_feature_idx=25
objective=binary sigmoid:1
feature_names=Column_0 Column_1 Column_2 Column_3 Column_4 Column_5 Column_6 Column_7 Column_8 Column_9 Column_10 Column_11 Column_12 Column_13 Column_14 Column_15 Column_16 Column_17 Column_18 Column_19 Column_20 Column_21 Column_22 Column_23 Column_24 Column_25
feature_infos=[0.003787:0.006598999999999999] [0.0039579999999999997:0.0064269999999999996] [0.00050000000000000001:0.0086739999999999994] [0.0030539999999999999:0.0067779999999999993] [0.28000000000000003:0.68999999999999995] [0.0030539999999999999:0.0067779999999999993] none none none none none none none none none none none none none none none none none none none none
tree_sizes=1836 1841 1860 1861 1836 1859 1859 1854 1851 1855

Tree=0
num_leaves=16
num_cat=0
split_feature=4 0 2 0 2 3 2 2 2 0 0 3 4 0 0
split_gain=17.0474 9.00202 6.97558 5.18064 4.77753 5.38115 5.01926 8.20069 5.16778 5.13113 5.71113 5.46879 5.39449 4.52591 5.30419
threshold=0.41500000000000004 0.0054175000000000013 0.0029680000000000006 0.0046815000000000008 0.0057365000000000011 0.0058585000000000009 0.0048065000000000009 0.0047325000000000015 0.0044725000000000008 0.0051255000000000007 0.0052055000000000009 0.0049665000000000013 0.60500000000000009 0.0047835000000000004 0.0049415000000000006
decision_type=2 2 2 2 2 2 2 2 2 2 2 2 2 2 2
left_child=1 3 -2 -1 6 -6 7 8 -4 12 -11 -12 -10 -8 -15
right_child=2 -3 4 -5 5 -7 13 -9 9 10 11 -13 -14 14 -16
leaf_value=0.0059086288261593345 -0.011974312124368891 0.047966136000421364 0.055188211168708229 0.028050617781169782 0.068855420840696041 0.026496359820048804 0.10552726862712836 0.089238988603082658 0.032217709395850891 0.10927497382933368 -0.033494748159441652 0.073736390015317427 -0.024179189042407838 -0.012323022893455715 0.038888508650559074
leaf_weight=79.471071034669876 12.745360448956488 133.70133019983768 189.18113450706005 453.83479559421539 110.209881529212 23.241539642214775 6.2477257102727881 33.987627863883972 55.479804307222366 10.246270164847376 5.248089596629141 7.2473618239164352 13.495087534189222 13.495087534189222 316.88464802503586
leaf_count=318 51 535 757 1816 441 93 25 136 222 41 21 29 54 54 1268
internal_value=0.038843 0.0294046 0.0467349 0.0247511 0.0476882 0.0614783 0.0448635 0.0521237 0.0476329 0.0320488 0.0650026 0.0286993 0.0211835 0.0380723 0.0367967
internal_weight=1464.72 667.007 797.71 533.306 784.964 133.451 651.513 314.885 280.898 91.7166 22.7417 12.4955 68.9749 336.627 330.38
internal_count=5861 2669 3192 2134 3141 534 2607 1260 1124 367 91 50 276 1347 1322
is_linear=0
shrinkage=1


Tree=1
num_leaves=16
num_cat=0
split_feature=4 1 1 0 3 0 1 0 1 3 3 4 1 0 3
split_gain=14.4313 9.08852 7.77697 6.03217 5.45185 4.61586 4.5463 5.93234 6.85771 6.66222 6.12858 4.82658 7.00143 5.01609 4.78658
threshold=0.41500000000000004 0.004424 0.0056345000000000015 0.0043825000000000001 0.0040945 0.0059170000000000013 0.0047455000000000006 0.0055835000000000008 0.0053385000000000012 0.0058585000000000009 0.0056595000000000022 0.38500000000000006 0.0053745000000000008 0.0047614999999999992 0.0048175000000000015
decision_type=2 2 2 2 2 2 2 2 2 2 2 2 2 2 2
left_child=1 -1 3 -3 -2 -4 -5 9 -9 10 11 13 14 -8 -13
right_child=4 2 5 6 -6 -7 7 8 -10 -11 -12 12 -14 -15 -16
leaf_value=-0.043961098029627728 -0.055833028086847057 -0.07789272843347228 0.046074087634206555 0.0046906627023090694 0.0085833356168391016 -0.026709054612990606 -0.044297354169998714 0.04717958123860589 -0.013255941642811971 0.06735441528275686 -0.076959152704802761 -0.034180822997028071 -0.07360666358235543 0.003844768895319439 -0.0088683951674709497
leaf_weight=42.24568447470665 8.4993329048156721 7.7499325573444358 27.487025856971741 158.97530463337898 788.9579918384552 6.9959753751754752 15.748781979084013 22.736919969320297 25.485338866710663 6.2475413382053366 10.246659994125364 72.486066311597824 15.245061576366423 114.97265189886093 140.46016457676888
leaf_count=169 34 31 110 636 3158 28 63 91 102 25 41 290 61 460 562
internal_value=0.000633577 -0.00804915 -0.00562111 -0.00777815 0.00789678 0.0313077 -0.00684547 -0.0111746 0.0152396 -0.0145676 -0.0159541 -0.0142124 -0.0212341 -0.0019552 -0.0174846
internal_weight=1464.54 667.083 624.837 590.354 797.457 34.483 582.604 423.629 48.2223 375.407 369.159 358.913 228.191 130.721 212.946
internal_count=5861 2669 2500 2362 3192 138 2331 1695 193 1502 1477 1436 913 523 852
is_linear=0
shrinkage=0.08


Tree=2
num_leaves=16
num_cat=0
split_feature=4 0 2 2 3 0 0 4 4 2 0 0 3 2 3
split_gain=12.2165 6.67196 5.34787 4.1971 4.69831 4.58153 3.94706 3.63865 3.58464 5.45851 6.75067 9.63486 3.32839 3.26844 6.14613
threshold=0.41500000000000004 0.0054175000000000013 0.0027895000000000007 0.0057365000000000011 0.0059215000000000005 0.0056585000000000012 0.0043825000000000001 0.42500000000000004 0.40500000000000008 0.0048425000000000004 0.0055835000000000008 0.0056345000000000015 0.0054550000000000006 0.0053030000000000013 0.0050835000000000012
decision_type=2 2 2 2 2 2 2 2 2 2 2 2 2 2 2
left_child=1 6 -2 5 7 12 -1 -5 -3 -10 -11 -12 13 14 -4
right_child=2 8 3 4 -6 -7 -8 -9 9 10 11 -13 -14 -15 -16
leaf_value=-0.057794166366269523 -0.066474861445413591 0.020267320554961714 0.0091211689707004027 -0.0060224390678086182 -0.021795845685632084 -0.029664653303788108 -0.010389461933679116 0.032203163067764787 0.061628411150434985 -0.049613013601277435 0.10780700943140487 -0.011113255099528376 -0.046489885186660022 0.01973236511239514 -0.011900284970477862
leaf_weight=11.488611862063406 6.24482637643814 74.417243421077728 403.85081480443478 18.972734093666077 14.745463490486143 23.236510038375854 521.8904986679554 99.60953177511692 6.7455938160419455 21.240728840231895 5.2401078045368221 25.968796089291573 7.4957759678363791 108.93810772895813 114.18038888275623
leaf_count=46 25 298 1617 76 59 93 2088 399 27 85 21 104 30 436 457
internal_value=0.000583181 -0.0074059 0.00726677 0.00784892 0.0207915 0.00522522 -0.0114105 0.0260872 0.00858052 -0.00611154 -0.0148236 0.00885396 0.00650302 0.00713658 0.00448778
internal_weight=1464.27 666.992 797.274 791.029 133.328 657.702 533.379 118.582 133.612 59.1952 52.4496 31.2089 634.465 626.969 518.031
internal_count=5861 2669 3192 3167 534 2633 2134 475 535 237 210 125 2540 2510 2074
is_linear=0
shrinkage=0.08


Tree=3
num_leaves=16
num_cat=0
split_feature=2 3 1 3 1 0 1 0 2 2 1 1 3 2 2
split_gain=6.89831 6.38687 8.5265 6.66664 6.52241 5.98411 5.77204 7.5669 8.89165 5.07903 4.68719 4.38097 4.37982 4.25549 9.1958
threshold=0.0053180000000000007 0.0051375000000000006 0.0050355000000000009 0.0039955000000000017 0.0044085000000000001 0.0061380000000000011 0.0050875000000000009 0.0051325000000000008 0.0043025000000000016 0.0053635000000000011 0.004833500000000001 0.0058195000000000009 0.0052305000000000016 0.004833500000000001 0.0049565
decision_type=2 2 2 2 2 2 2 2 2 2 2 2 2 2 2
left_child=1 2 3 -1 -5 9 7 -4 -9 -2 -6 -8 -3 -12 -15
right_child=5 12 6 4 10 -7 11 8 -10 -11 13 -13 -14 14 -16
leaf_value=-0.030160577844800338 0.047934112047187616 -0.033107048140949488 0.059223604636617133 -0.032845556941144188 0.0049761687813304539 -0.062566621637116168 0.0035255626198352655 -0.074306728359048668 0.033633137276689797 0.0085692069096152367 -0.0036870290342224167 0.072861429919937215 0.00040433153932361069 -0.07578720131996225 -0.0051864695376522075
leaf_weight=64.454985022544861 22.22888645529747 70.203108891844749 31.973847821354866 43.719692245125771 346.26036907732487 7.2485182434320441 226.54298648238182 7.245724871754649 14.986455053091047 372.46477729082108 160.1181827634573 5.9863466918468466 38.731075435876846 18.238350719213486 33.48538438975811
leaf_count=258 89 281 128 175 1386 29 907 29 60 1492 641 24 155 73 134
internal_value=0.000536975 -0.00284163 -0.000744067 -0.00570815 -0.00308931 0.00946339 0.0107908 0.0342995 -0.00154571 0.0107862 -0.000758311 0.00531058 -0.0211922 -0.0101314 -0.0300811
internal_weight=1463.89 1061.95 953.012 666.277 601.822 401.942 286.735 54.206 22.2322 394.694 558.102 232.529 108.934 211.842 51.7237
internal_count=5861 4251 3815 2667 2409 1610 1148 217 89 1581 2234 931 436 848 207
is_linear=0
shrinkage=0.08


Tree=4
num_leaves=16
num_cat=0
split_feature=4 1 1 0 4 0 0 1 4 3 4 0 0 3 1
split_gain=9.95772 6.55428 5.77247 4.4041 4.12154 4.62248 4.21679 3.98207 5.05734 5.90503 5.53508 4.77757 4.02633 3.96333 3.85965
threshold=0.41500000000000004 0.0056345000000000015 0.004424 0.0043825000000000001 0.39500000000000007 0.0046815000000000008 0.0047555000000000002 0.0047455000000000006 0.38500000000000006 0.0035724999999999997 0.39500000000000007 0.0051065000000000008 0.0051875000000000011 0.0040945 0.0055585000000000009
decision_type=2 2 2 2 2 2 2 2 2 2 2 2 2 2 2
left_child=1 2 4 -4 -1 -6 -7 -5 9 -9 11 -10 -13 -2 -12
right_child=13 -3 3 7 5 6 -8 8 10 -11 14 12 -14 -15 -16
leaf_value=0.0063369225367282938 -0.047908890119346348 0.027289003300527456 -0.066585619077721911 0.0050659944747512998 -0.089452651540806005 0.036304189607762327 -0.049117645319504639 -0.03282609514019029 -0.0095814183319913992 0.0097532325823699376 -0.0093516204339195424 -0.12626213190782309 -0.047465801054029699 0.007115505928846637 -0.080438550210941331
leaf_weight=10.481075450778006 8.4677906483411771 34.398117795586586 7.7117074877023688 158.97341100871563 12.477055758237841 4.9962000697851208 14.239255741238592 25.241213783621788 19.245724558830261 119.68680734932423 224.85318475961685 4.997814908623698 24.473610997200012 788.33503675460815 4.9968198984861365
leaf_count=42 34 138 31 636 50 20 57 101 77 479 900 20 98 3158 20
internal_value=0.000494382 -0.00671917 -0.00856905 -0.00652537 -0.037155 -0.0515292 -0.0269303 -0.00573019 -0.0097829 0.00233746 -0.0160887 -0.0405832 -0.0608282 0.00653075 -0.010897
internal_weight=1463.57 666.772 632.374 590.18 42.1936 31.7125 19.2355 582.469 423.495 144.928 278.567 48.7172 29.4714 796.803 229.85
internal_count=5861 2669 2531 2362 169 127 77 2331 1695 580 1115 195 118 3192 920
is_linear=0
shrinkage=0.08


Tree=5
num_leaves=16
num_cat=0
split_feature=2 2 4 2 1 2 1 3 3 1 2 3 1 1 1
split_gain=8.01626 5.79548 6.84754 5.47777 5.45963 5.79095 5.4415 4.84649 5.90248 5.26705 4.43826 4.36448 5.72653 4.35274 4.21509
threshold=0.0053180000000000007 0.0071575000000000007 0.46500000000000002 0.005274 0.0043905000000000012 0.0029680000000000006 0.005258500000000001 0.0038655000000000004 0.0039955000000000017 0.0047985000000000007 0.0066220000000000003 0.0050525000000000006 0.005055500000000001 0.0050475000000000008 0.0048565000000000006
decision_type=2 2 2 2 2 2 2 2 2 2 2 2 2 2 2
left_child=3 2 10 4 -1 7 -5 -6 -9 -10 -2 12 13 -7 -13
right_child=1 -3 -4 6 5 11 -8 8 9 -11 -12 14 -14 -15 -16
leaf_value=-0.032036710263400117 0.0029989231443768066 0.071618147389643408 0.021650715745140756 -0.077166995969198168 -0.0019166510485029945 0.00055153579276265719 0.020215934988897715 -0.064688552643289876 0.032857875376436876 -0.028658405426343837 -0.03739421302603245 0.023049378430387422 0.017062778692665304 -0.069562371370494189 -0.014239473472520435
leaf_weight=39.372802019119263 212.44623401761055 9.4854306578636152 149.59959591925144 12.24462850391865 78.639343276619911 491.46998402476311 5.2453911900520316 22.441040188074112 11.239175423979757 42.941676259040833 18.963117644190788 21.988507777452469 161.98145571351051 5.7328507900238028 164.88462240993977
leaf_count=158 851 38 600 49 315 1968 21 90 45 172 76 88 649 23 660
internal_value=5.3415e-05 0.00984974 0.00831198 -0.00356166 -0.00281548 -0.00166647 -0.0479611 -0.0158684 -0.0301875 -0.0158976 -0.000311141 0.000939744 0.00399907 -0.000256892 -0.00985186
internal_weight=1448.68 390.494 381.009 1058.18 1040.69 1001.32 17.49 155.261 76.6219 54.1809 231.409 846.057 659.184 497.203 186.873
internal_count=5803 1565 1527 4238 4168 4010 70 622 307 217 927 3388 2640 1991 748
is_linear=0
shrinkage=0.08


Tree=6
num_leaves=16
num_cat=0
split_feature=0 1 3 2 3 0 3 1 0 3 0 2 0 3 1
split_gain=7.71028 9.22359 4.67153 4.58736 6.76504 6.48998 5.08212 6.51005 4.54918 4.42301 8.89887 8.17005 5.50779 3.99393 5.72778
threshold=0.0055295000000000006 0.0057335000000000016 0.0042095000000000006 0.0036229999999999999 0.0045025000000000004 0.0044625000000000003 0.0045115000000000008 0.0048235000000000005 0.0056415000000000007 0.0045575000000000008 0.0047915000000000006 0.0038085000000000003 0.0046195000000000012 0.0053515000000000012 0.0051825000000000005
decision_type=2 2 2 2 2 2 2 2 2 2 2 2 2 2 2
left_child=1 2 -1 6 5 -5 7 -4 -2 10 12 -12 -6 -10 -15
right_child=8 -3 3 4 9 -7 -8 -9 13 -11 11 -13 -14 14 -16
leaf_value=-0.016425913784010805 0.027947223881231255 0.08204345293427244 0.037051579267845594 0.044515989319970126 0.054519880038058022 -0.042884349219616688 0.076382705645547069 -0.010100158789359603 -0.025081984654405129 -0.0022199726286596198 0.012181945335173264 0.14594479771465604 -0.038507900712163777 0.082389855867220266 0.0063906635183656121
leaf_weight=146.71960580348969 87.004378691315651 8.2091081738471967 32.949537172913551 6.2316035330295554 6.2375976443290773 42.668236270546913 8.2344713956117612 43.454725876450539 23.955166637897491 902.6496074795723 5.4941874444484693 6.2430289685726166 11.738286927342413 6.7362308800220481 109.75610217452049
leaf_count=588 349 33 132 25 25 171 33 174 96 3616 22 25 47 27 440
internal_value=4.92831e-05 -0.00247022 -0.00304236 -0.00120013 -0.0027415 -0.0317464 0.0166697 0.0102342 0.0135725 -0.00122027 0.0291496 0.0833304 -0.00622744 0.00466771 0.0107854
internal_weight=1448.28 1220.83 1212.62 1065.9 981.263 48.8998 84.6387 76.4043 227.452 932.363 29.7131 11.7372 17.9759 140.447 116.492
internal_count=5803 4891 4858 4270 3931 196 339 306 912 3735 119 47 72 563 467
is_linear=0
shrinkage=0.08


Tree=7
num_leaves=16
num_cat=0
split_feature=0 4 3 0 0 3 2 2 2 0 0 0 0 0 3
split_gain=6.5307 5.36993 6.03144 6.58741 5.45653 5.42273 4.94625 5.55242 4.66389 4.64798 4.36366 4.83136 6.02614 4.45418 4.23312
threshold=0.0055295000000000006 0.43500000000000005 0.0053935000000000007 0.0051705000000000006 0.0053115000000000011 0.0055655000000000001 0.0055220000000000017 0.0053305000000000002 0.0052135000000000003 0.0055045000000000007 0.0052575000000000009 0.0051364999999999996 0.0051615000000000003 0.0054355000000000002 0.0056595000000000022
decision_type=2 2 2 2 2 2 2 2 2 2 2 2 2 2 2
left_child=1 9 6 -4 -5 -6 7 8 10 -1 11 -3 -13 -12 -7
right_child=-2 2 3 4 5 14 -8 -9 -10 -11 13 12 -14 -15 -16
leaf_value=-0.0051371428242611029 0.012496736040521133 0.0030419728332640034 0.11000931301558041 -0.027817197804687201 0.063137982881337817 -0.04592052774581639 -0.037026965997070116 0.039715610133198867 -0.04042823905499196 -0.054328864626994509 -0.035042561662644099 0.11106488024710003 0.020120294789699046 0.03280225465672397 0.041484752231344998
leaf_weight=823.57282139360905 227.28963077068329 201.5749439895153 5.973846808075904 11.204060286283491 20.163678854703903 6.9643985629081708 19.936110228300095 25.674307733774185 16.484422981739044 12.479343831539152 30.959567919373512 5.7346498519182232 24.95289058983326 7.7418897002935401 7.2252696007490158
leaf_count=3299 912 808 24 45 81 28 80 103 66 50 124 23 100 31 29
internal_value=4.58507e-05 -0.00227257 0.00555087 0.0310207 0.0206631 0.0364746 0.00161015 0.00407012 0.000886336 -0.0058714 0.00339976 0.00754389 0.0371153 -0.0214708 -0.00141443
internal_weight=1447.93 1220.64 384.59 51.5313 45.5574 34.3533 333.059 313.123 287.448 836.052 270.964 232.262 30.6875 38.7015 14.1897
internal_count=5803 4891 1542 207 183 138 1335 1255 1152 3349 1086 931 123 155 57
is_linear=0
shrinkage=0.08


Tree=8
num_leaves=16
num_cat=0
split_feature=2 1 2 2 3 1 0 2 0 0 1 0 3 2 2
split_gain=6.2814 5.47503 5.98465 4.17091 4.70775 5.34763 4.63719 3.77368 6.67646 3.49341 5.28558 6.09169 10.3893 4.12656 3.45547
threshold=0.0070070000000000002 0.004624500000000001 0.0029680000000000006 0.0013560000000000002 0.0035724999999999997 0.0053445000000000012 0.0050045000000000003 0.0031925000000000005 0.0049015000000000005 0.0061380000000000011 0.0056865000000000014 0.0057735000000000009 0.0057275000000000008 0.0063230000000000014 0.0066220000000000003
decision_type=2 2 2 2 2 2 2 2 2 2 2 2 2 2 2
left_child=1 -1 3 4 6 -6 -3 8 -4 10 14 -12 -13 -14 -9
right_child=-2 2 7 -5 5 -7 -8 9 -10 -11 11 12 13 -15 -16
leaf_value=-0.013170786407553085 0.052543689948429999 0.010530169777621244 -0.0085452214119675646 -0.025578975076665542 0.06280112030560274 -0.015648606684729335 -0.052003654599251825 0.002654555991281234 0.091056508994106167 -0.056842715320248267 0.064704257406675555 -0.082231663636460312 0.082600132310774801 -0.0015281569037905222 -0.032996020371354025
leaf_weight=189.04599793255329 14.439466491341589 16.959847047924999 8.7407240122556704 83.069903522729874 13.48428235948086 9.4642116427421552 13.736112236976622 1025.8744893372059 8.4915793091058713 6.2482859492301932 18.881013199687004 6.4792033731937435 7.209930405020712 7.7345046550035477 17.700393423438072
leaf_count=758 58 68 35 333 54 38 55 4112 34 25 76 26 29 31 71
internal_value=4.29157e-05 -0.000486058 0.00144148 -0.01435 0.00303831 0.0304476 -0.017453 0.00339109 0.0405356 0.00280393 0.00314777 0.0315747 0.00237709 0.0390595 0.00204988
internal_weight=1447.56 1433.12 1244.07 136.714 53.6445 22.9485 30.696 1107.36 17.2323 1090.13 1083.88 40.3047 21.4236 14.9444 1043.57
internal_count=5803 5745 4987 548 215 92 123 4439 69 4370 4345 162 86 60 4183
is_linear=0
shrinkage=0.08


Tree=9
num_leaves=16
num_cat=0
split_feature=2 1 2 4 2 3 3 4 1 0 0 4 0 0 4
split_gain=5.50954 4.86927 5.15478 4.17777 3.36948 5.37201 4.41039 5.28955 5.43319 3.17083 4.38362 3.68632 5.56206 5.13157 5.59834
threshold=0.0071575000000000007 0.004624500000000001 0.0029680000000000006 0.37500000000000006 0.0036229999999999999 0.0045115000000000008 0.0044575000000000005 0.44500000000000006 0.0048595000000000001 0.0055295000000000006 0.0056415000000000007 0.40500000000000008 0.0054795000000000009 0.0054535000000000009 0.39500000000000007
decision_type=2 2 2 2 2 2 2 2 2 2 2 2 2 2 2
left_child=1 -1 3 -3 5 6 7 -4 -9 11 -11 13 -13 -6 -15
right_child=-2 2 4 -5 9 -7 -8 8 -10 10 -12 12 -14 14 -16
leaf_value=-0.012316520753502319 0.061072775762753911 -0.008050327429746592 0.041425629846498037 -0.051133367798394225 -0.015385378607704382 0.075128406101831899 -0.041867843382695551 0.023891343818007497 -0.067168881535669953 0.025874134693984186 0.0018683285056491888 0.0042234468658399974 -0.027115389197897966 -0.022493883002415168 0.09131273056346674
leaf_weight=189.26927001774311 9.404530316591261 120.26010039448738 29.431738466024399 16.365206137299538 141.61976628005505 9.9171410351991636 8.4886387139558774 9.9701459705829638 7.2377538532018653 78.833780020475388 127.29164120554924 649.45696985721588 38.387465611100197 4.9704539477825147 6.2382769137620926
leaf_count=759 38 482 118 66 567 40 34 40 29 317 511 2603 154 20 25
internal_value=3.99444e-05 -0.000359283 0.00145345 -0.0132109 0.00325543 0.0209228 0.0111717 0.0208251 -0.0144092 0.00215762 0.0110495 -2.25873e-05 0.00247448 -0.0112613 0.0408458
internal_weight=1447.14 1437.74 1248.47 136.625 1111.84 65.0454 55.1283 46.6396 17.2079 1046.8 206.125 840.673 687.844 152.828 11.2087
internal_count=5803 5765 5006 548 4458 261 221 187 69 4197 828 3369 2757 612 45
is_linear=0
shrinkage=0.08


end of trees

feature_importances:
Column_0=43
Column_2=33
Column_3=29
Column_1=28
Column_4=17

parameters:
[boosting: gbdt]
[objective: binary]
[metric: binary_logloss,auc]
[tree_learner: serial]
[device_type: cpu]
[data_sample_strategy: bagging]
[data: ]
[valid: ]
[num_iterations: 300]
[learning_rate: 0.08]
[num_leaves: 16]
[num_threads: 0]
[seed: 0]
[deterministic: 0]
[force_col_wise: 0]
[force_row_wise: 0]
[histogram_pool_size: -1]
[max_depth: -1]
[min_data_in_leaf: 20]
[min_sum_hessian_in_leaf: 0.001]
[bagging_fraction: 0.8]
[pos_bagging_fraction: 1]
[neg_bagging_fraction: 1]
[bagging_freq: 5]
[bagging_seed: 3]
[bagging_by_query: 0]
[feature_fraction: 0.8]
[feature_fraction_bynode: 1]
[feature_fraction_seed: 2]
[extra_trees: 0]
[extra_seed: 6]
[early_stopping_round: 0]
[early_stopping_min_delta: 0]
[first_metric_only: 0]
[max_delta_step: 0]
[lambda_l1: 0]
[lambda_l2: 0]
[linear_lambda: 0]
[min_gain_to_split: 0]
[drop_rate: 0.1]
[max_drop: 50]
[skip_drop: 0.5]
[xgboost_dart_mode: 0]
[uniform_drop: 0]
[drop_seed: 4]
[top_rate: 0.2]
[other_rate: 0.1]
[min_data_per_group: 100]
[max_cat_threshold: 32]
[cat_l2: 10]
[cat_smooth: 10]
[max_cat_to_onehot: 4]
[top_k: 20]
[monotone_constraints: ]
[monotone_constraints_method: basic]
[monotone_penalty: 0]
[feature_contri: ]
[forcedsplits_filename: ]
[refit_decay_rate: 0.9]
[cegb_tradeoff: 1]
[cegb_penalty_split: 0]
[cegb_penalty_feature_lazy: ]
[cegb_penalty_feature_coupled: ]
[path_smooth: 0]
[interaction_constraints: ]
[verbosity: -1]
[saved_feature_importance_type: 0]
[use_quantized_grad: 0]
[num_grad_quant_bins: 4]
[quant_train_renew_leaf: 0]
[stochastic_rounding: 1]
[linear_tree: 0]
[max_bin: 255]
[max_bin_by_feature: ]
[min_data_in_bin: 3]
[bin_construct_sample_cnt: 200000]
[data_random_seed: 1]
[is_enable_sparse: 1]
[enable_bundle: 1]
[use_missing: 1]
[zero_as_missing: 0]
[feature_pre_filter: 1]
[pre_partition: 0]
[two_round: 0]
[header: 0]
[label_column: ]
[weight_column: ]
[group_column: ]
[ignore_column: ]
[categorical_feature: ]
[forcedbins_filename: ]
[precise_float_parser: 0]
[parser_config_file: ]
[objective_seed: 5]
[num_class: 1]
[is_unbalance: 0]
[scale_pos_weight: 1]
[sigmoid: 1]
[boost_from_average: 1]
[reg_sqrt: 0]
[alpha: 0.9]
[fair_c: 1]
[poisson_max_delta_step: 0.7]
[tweedie_variance_power: 1.5]
[lambdarank_truncation_level: 30]
[lambdarank_norm: 1]
[label_gain: ]
[lambdarank_position_bias_regularization: 0]
[eval_at: ]
[multi_error_top_k: 1]
[auc_mu_weights: ]
[num_machines: 1]
[local_listen_port: 12400]
[time_out: 120]
[machine_list_filename: ]
[machines: ]
[gpu_platform_id: -1]
[gpu_device_id: -1]
[gpu_use_dp: 0]
[num_gpu: 1]

end of parameters

pandas_categorical:null
